1
10
100
101
102
103
108
11
1124
113
114
1145
1156
1170
12
13
14
1465
1466
1481
1482
1483
1484
1486
15
150607
150630
150694
152803
1575
1582
16
1611
1617
172
173
18
1803
19
190
191
1916
192
193
194
195
19572
19579
19685
19692
19741
19755
19766
19768
19777
19781
19786
19792
19796
19800
19801
19802
19803
19804
19808
19849
19863
19866
19871
19872
19874
19876
19894
199
19927
19942
2
20
2002
201
2011
2020
2026
20291
20292
2044
2047
2055
21
21165
21174
21175
21176
21660
21753
218
219
220
221
222
223
224
226
228
229
23
232
233
234
235
236
237
238
239
24
240
241
242
243
244
245
24563
24564
24566
24572
24599
247
248
249
25
250
251
252
253
255
258
26
260
261
262
263
264
265
266
268
269
270
271
272
273
274
276
278
28
280
284
285
286
287
288
289
29
291
292
293
294
3
30
31
324751
33
336669
337
338
338246
338249
338263
338266
338267
338268
338269
338270
338271
338272
338273
338277
338323
338479
338480
338483
338495
338501
352
357
358
359
360
361
362
363
364
38
39
393815
4
40
403963
404116
404117
404118
404119
416104
417
418
419406
420550
423274
423300
423301
423688
427476
428784
429105
429581
429592
429638
430293
430294
430300
430301
430310
431189
431190
44
45
46
47
48
488
49
5
50
51
52
53
54
55
57
58
6
65
67
68
688
689
69
690
70
71
72
73
732
74
74172
74189
74199
74206
74210
75
758
76
766
768
77
775
78
78531
78535
78536
78538
78553
78572
78573
78606
78631
78632
78654
79
8
80
81
82
82605
83
84
846
85
86
87
87935
88
89
90
91
92
93
94
95
96
97
98
99
